time,loc_1,loc_2,loc_3,loc_4,loc_5,loc_6
01/04/2013 01:05:00,   54.66,   59.59,   43.60,   56.44,   60.81,   46.85
01/04/2013 01:10:00,   52.60,   58.03,   43.37,   55.42,   59.91,   47.91
01/04/2013 01:15:00,   53.25,   58.36,   43.52,   57.66,   62.55,   49.24
01/04/2013 01:20:00,   54.51,   59.61,   45.01,   59.63,   64.42,   49.16
01/04/2013 01:25:00,   54.37,   58.58,   45.81,   57.65,   61.65,   49.47
01/04/2013 01:30:00,   54.60,   60.10,   44.41,   57.14,   61.90,   48.52
01/04/2013 01:35:00,   54.39,   59.44,   45.65,   60.46,   65.69,   49.28
01/04/2013 01:40:00,   55.52,   60.16,   46.01,   57.80,   61.79,   50.00
01/04/2013 01:45:00,   53.03,   59.63,   42.12,   55.56,   61.14,   45.44
01/04/2013 01:50:00,   54.27,   59.11,   43.76,   56.37,   60.70,   47.68
01/04/2013 01:55:00,   52.99,   58.73,   43.81,   56.75,   62.15,   47.81
01/04/2013 02:00:00,   54.41,   60.02,   45.40,   58.08,   62.51,   50.44
01/04/2013 02:05:00,   52.93,   57.63,   44.76,   57.02,   61.36,   49.23
01/04/2013 02:10:00,   53.97,   60.01,   45.05,   57.25,   62.38,   49.42
01/04/2013 02:15:00,   53.98,   59.82,   42.88,   58.01,   62.99,   48.73
01/04/2013 02:20:00,   54.94,   59.56,   45.35,   59.77,   63.79,   51.66
01/04/2013 02:25:00,   52.52,   58.29,   42.63,   55.91,   61.55,   46.34
01/04/2013 02:30:00,   53.47,   59.33,   43.25,   57.43,   62.47,   47.99
01/04/2013 02:35:00,   52.93,   58.66,   44.35,   56.75,   61.17,   47.78
01/04/2013 02:40:00,   53.87,   59.03,   44.89,   56.64,   61.05,   49.23
01/04/2013 02:45:00,   53.06,   58.11,   43.64,   57.88,   63.44,   47.11
01/04/2013 02:50:00,   52.58,   58.69,   40.83,   55.47,   60.68,   45.97
01/04/2013 02:55:00,   50.84,   57.15,   41.46,   54.51,   60.69,   45.26
01/04/2013 03:00:00,   50.78,   57.29,   40.17,   53.65,   59.58,   44.36
01/04/2013 03:05:00,   49.79,   57.10,   39.82,   53.35,   59.23,   45.04
01/04/2013 03:10:00,   51.05,   56.48,   40.73,   54.49,   58.93,   47.28
01/04/2013 03:15:00,   50.11,   56.71,   42.10,   53.69,   58.42,   47.44
01/04/2013 03:20:00,   50.27,   57.81,   40.44,   52.90,   59.66,   44.70
01/04/2013 03:25:00,   49.32,   55.54,   42.25,   52.94,   58.14,   46.30
01/04/2013 03:30:00,   51.74,   57.65,   42.07,   54.00,   59.20,   46.04
01/04/2013 03:35:00,   52.42,   58.64,   42.22,   55.08,   60.60,   46.24
01/04/2013 03:40:00,   50.58,   57.36,   40.96,   53.57,   59.44,   45.00
01/04/2013 03:45:00,   52.01,   56.90,   43.07,   54.53,   59.37,   46.38
01/04/2013 03:50:00,   51.69,   58.20,   41.66,   54.89,   60.37,   45.27
01/04/2013 03:55:00,   51.52,   57.63,   41.04,   54.66,   59.57,   44.96
01/04/2013 04:00:00,   49.75,   57.05,   40.63,   54.28,   61.32,   45.07
01/04/2013 04:05:00,   50.96,   57.50,   41.39,   53.88,   59.83,   45.97
01/04/2013 04:10:00,   51.01,   57.71,   42.87,   55.08,   61.15,   47.44
01/04/2013 04:15:00,   50.19,   56.45,   41.86,   52.84,   58.21,   45.90
01/04/2013 04:20:00,   48.35,   54.57,   40.05,   52.41,   57.07,   44.85
01/04/2013 04:25:00,   49.87,   56.44,   41.46,   54.53,   60.01,   46.13
01/04/2013 04:30:00,   49.98,   55.95,   40.52,   56.97,   63.67,   45.84
01/04/2013 04:35:00,   47.59,   54.51,   38.97,   52.04,   57.46,   43.69
01/04/2013 04:40:00,   50.30,   56.01,   41.91,   54.26,   59.23,   46.20
01/04/2013 04:45:00,   51.99,   58.12,   43.46,   57.59,   62.53,   48.15
01/04/2013 04:50:00,   50.34,   55.87,   40.97,   55.70,   61.87,   45.00
01/04/2013 04:55:00,   45.41,   51.78,   38.35,   51.14,   57.34,   42.56
01/04/2013 05:00:00,   49.68,   57.03,   39.67,   52.80,   58.60,   44.41
01/04/2013 05:05:00,   47.49,   54.58,   38.03,   52.85,   59.91,   42.57
01/04/2013 05:10:00,   48.90,   54.90,   38.77,   55.62,   60.39,   44.42
01/04/2013 05:15:00,   48.58,   54.19,   41.17,   55.21,   60.30,   46.37
01/04/2013 05:20:00,   48.11,   54.10,   39.64,   55.35,   60.93,   43.79
01/04/2013 05:25:00,   46.67,   53.07,   37.93,   50.79,   57.67,   42.36
01/04/2013 05:30:00,   47.20,   54.35,   38.56,   52.76,   59.60,   42.97
01/04/2013 05:35:00,   49.15,   56.07,   39.17,   53.47,   58.75,   44.02
01/04/2013 05:40:00,   49.51,   56.13,   40.70,   53.43,   58.41,   46.20
01/04/2013 05:45:00,   47.94,   55.71,   38.68,   51.37,   58.25,   42.71
01/04/2013 05:50:00,   47.83,   54.78,   40.71,   52.03,   58.26,   44.02
01/04/2013 05:55:00,   46.61,   54.11,   39.18,   50.06,   56.38,   42.92
01/04/2013 06:00:00,   49.14,   56.69,   39.89,   52.71,   58.82,   44.32
01/04/2013 06:05:00,   47.20,   53.78,   39.23,   50.60,   56.25,   44.59
01/04/2013 06:10:00,   49.98,   57.01,   40.40,   52.15,   59.17,   44.94
01/04/2013 06:15:00,   50.28,   56.10,   42.08,   56.09,   60.26,   45.72
01/04/2013 06:20:00,   50.15,   56.17,   41.79,   53.90,   59.51,   46.48
01/04/2013 06:25:00,   48.71,   53.94,   41.75,   51.44,   56.00,   45.17
01/04/2013 06:30:00,   46.83,   50.96,   40.69,   52.52,   58.25,   43.80
01/04/2013 06:35:00,   50.79,   55.96,   42.65,   53.40,   58.71,   45.77
01/04/2013 06:40:00,   48.62,   54.61,   41.29,   52.21,   57.19,   45.12
01/04/2013 06:45:00,   51.34,   57.21,   41.87,   52.81,   58.26,   44.78
01/04/2013 06:50:00,   50.90,   56.53,   42.76,   53.34,   59.53,   46.27
01/04/2013 06:55:00,   52.68,   58.72,   42.51,   55.09,   60.81,   45.81
01/04/2013 07:00:00,   51.60,   57.98,   43.13,   54.07,   59.84,   46.68
01/04/2013 07:05:00,   51.39,   56.55,   43.44,   53.21,   57.37,   47.06
01/04/2013 07:10:00,   51.63,   55.44,   44.05,   53.49,   57.00,   46.60
01/04/2013 07:15:00,   52.54,   57.85,   43.45,   54.00,   58.72,   46.31
01/04/2013 07:20:00,   52.51,   58.39,   43.40,   54.76,   61.61,   46.00
01/04/2013 07:25:00,   53.04,   58.71,   45.06,   55.12,   60.16,   48.00
01/04/2013 07:30:00,   54.11,   58.73,   44.37,   55.60,   59.71,   48.82
01/04/2013 07:35:00,   52.19,   58.35,   43.62,   54.00,   59.77,   47.50
01/04/2013 07:40:00,   51.97,   56.82,   45.11,   56.63,   61.15,   48.71
01/04/2013 07:45:00,   53.59,   57.24,   46.82,   55.19,   59.30,   49.16
01/04/2013 07:50:00,   52.34,   58.08,   43.82,   53.32,   58.62,   47.36
01/04/2013 07:55:00,   51.54,   55.16,   45.45,   54.42,   57.52,   48.54
01/04/2013 08:00:00,   55.37,   59.16,   48.80,   55.58,   58.99,   50.33
01/04/2013 08:05:00,   55.36,   59.46,   48.40,   56.51,   60.55,   50.94
01/04/2013 08:10:00,   56.24,   60.16,   45.19,   58.44,   62.95,   50.94
01/04/2013 08:15:00,   53.25,   58.29,   42.73,   55.20,   59.47,   47.27
01/04/2013 08:20:00,   53.88,   57.82,   47.08,   56.84,   61.89,   49.68
01/04/2013 08:25:00,   55.18,   58.92,   47.86,   59.58,   64.53,   49.73
01/04/2013 08:30:00,   52.43,   56.19,   46.80,   56.97,   61.29,   50.46
01/04/2013 08:35:00,   54.35,   59.24,   46.95,   59.16,   64.06,   51.98
01/04/2013 08:40:00,   54.38,   60.00,   45.39,   60.41,   66.34,   50.94
01/04/2013 08:45:00,   55.15,   60.12,   47.01,   63.08,   68.32,   53.20
01/04/2013 08:50:00,   52.05,   56.40,   46.00,   57.58,   62.72,   50.27
01/04/2013 08:55:00,   55.33,   59.86,   48.18,   59.78,   64.47,   51.40
01/04/2013 09:00:00,   55.02,   59.42,   46.63,   56.11,   60.13,   50.12
01/04/2013 09:05:00,   55.70,   59.65,   47.30,   57.98,   61.85,   50.45
01/04/2013 09:10:00,   56.50,   60.69,   47.84,   59.11,   63.47,   49.44
01/04/2013 09:15:00,   54.39,   57.92,   49.17,   58.40,   63.02,   51.37
01/04/2013 09:20:00,   53.97,   57.84,   47.09,   56.97,   61.08,   49.53
01/04/2013 09:25:00,   53.69,   57.82,   48.20,   56.54,   60.75,   50.05
01/04/2013 09:30:00,   53.42,   57.69,   47.06,   57.87,   61.87,   51.17
01/04/2013 09:35:00,   55.20,   59.48,   48.82,   58.33,   62.18,   51.52
01/04/2013 09:40:00,   55.04,   59.62,   47.49,   59.00,   64.04,   51.18
01/04/2013 09:45:00,   52.80,   57.77,   47.05,   58.53,   64.52,   51.90
01/04/2013 09:50:00,   57.35,   61.83,   48.71,   60.63,   64.21,   52.33
01/04/2013 09:55:00,   54.34,   57.75,   48.42,   56.88,   60.37,   51.75
01/04/2013 10:00:00,   55.20,   59.62,   48.17,   57.63,   61.09,   52.40
01/04/2013 10:05:00,   55.05,   59.06,   46.53,   58.22,   62.39,   49.88
01/04/2013 10:10:00,   54.06,   59.04,   46.69,   56.45,   60.52,   50.07
01/04/2013 10:15:00,   55.05,   59.81,   47.70,   56.89,   61.66,   50.34
01/04/2013 10:20:00,   55.02,   59.59,   48.55,   56.82,   61.34,   51.21
01/04/2013 10:25:00,   54.93,   58.73,   48.87,   57.77,   61.37,   52.44
01/04/2013 10:30:00,   55.76,   59.23,   49.13,   58.50,   61.67,   52.93
01/04/2013 10:35:00,   54.52,   58.88,   47.54,   58.07,   62.33,   50.71
01/04/2013 10:40:00,   54.72,   59.72,   45.02,   58.58,   62.26,   48.01
01/04/2013 10:45:00,   57.00,   60.66,   50.78,   60.47,   64.74,   55.04
01/04/2013 10:50:00,   57.97,   61.54,   52.27,   59.86,   62.66,   54.99
01/04/2013 10:55:00,   58.93,   61.95,   53.59,   60.84,   63.22,   57.10
01/04/2013 11:00:00,   58.41,   62.10,   52.34,   62.11,   65.47,   56.06
01/04/2013 11:05:00,   55.51,   58.59,   49.80,   60.05,   62.97,   53.97
01/04/2013 11:10:00,   56.66,   59.96,   50.00,   62.69,   67.17,   55.53
01/04/2013 11:15:00,   57.38,   61.43,   51.33,   60.28,   63.35,   54.35
01/04/2013 11:20:00,   57.24,   60.78,   49.48,   60.15,   64.08,   53.23
01/04/2013 11:25:00,   57.42,   61.73,   50.28,   58.83,   62.47,   52.56
01/04/2013 11:30:00,   56.64,   60.82,   50.60,   59.10,   62.59,   54.31
01/04/2013 11:35:00,   57.69,   60.73,   51.66,   59.85,   62.90,   54.48
01/04/2013 11:40:00,   59.45,   62.53,   52.85,   63.26,   67.75,   56.16
01/04/2013 11:45:00,   60.22,   63.26,   55.58,   61.75,   64.74,   56.32
01/04/2013 11:50:00,   61.92,   64.88,   54.88,   64.02,   67.05,   56.24
01/04/2013 11:55:00,   62.38,   65.69,   57.03,   62.20,   65.19,   57.67
01/04/2013 12:00:00,   63.11,   66.62,   57.66,   63.59,   67.32,   58.47
01/04/2013 12:05:00,   62.61,   66.01,   57.05,   63.72,   67.22,   58.69
01/04/2013 12:10:00,   58.14,   61.99,   52.82,   61.46,   64.62,   56.57
01/04/2013 12:15:00,   58.37,   60.63,   53.66,   60.83,   63.82,   56.56
01/04/2013 12:20:00,   59.97,   62.99,   55.17,   61.93,   64.51,   56.87
01/04/2013 12:25:00,   60.49,   63.12,   56.41,   61.61,   64.65,   57.44
01/04/2013 12:30:00,   58.70,   62.01,   53.25,   59.90,   62.78,   54.90
01/04/2013 12:35:00,   57.75,   61.24,   51.77,   59.73,   62.82,   55.23
01/04/2013 12:40:00,   58.35,   61.54,   52.67,   61.20,   64.10,   56.13
01/04/2013 12:45:00,   60.09,   62.22,   56.62,   61.34,   63.59,   58.14
01/04/2013 12:50:00,   59.18,   62.23,   53.00,   60.79,   63.80,   55.92
01/04/2013 12:55:00,   57.89,   61.33,   52.77,   61.18,   64.31,   56.03
01/04/2013 13:00:00,   59.58,   62.17,   55.94,   61.08,   63.93,   55.84
01/04/2013 13:05:00,   58.21,   61.45,   52.72,   60.29,   62.93,   55.51
01/04/2013 13:10:00,   57.78,   61.54,   51.18,   60.07,   63.41,   53.99
01/04/2013 13:15:00,   58.10,   62.16,   52.03,   61.01,   63.95,   56.41
01/04/2013 13:20:00,   58.75,   62.25,   51.65,   60.95,   63.96,   56.02
01/04/2013 13:25:00,   58.32,   62.20,   52.26,   61.85,   64.77,   55.43
01/04/2013 13:30:00,   59.36,   61.87,   54.88,   62.02,   64.88,   57.30
01/04/2013 13:35:00,   58.37,   61.31,   53.21,   61.80,   64.44,   56.92
01/04/2013 13:40:00,   57.52,   60.85,   51.85,   61.35,   64.03,   56.81
01/04/2013 13:45:00,   57.67,   60.43,   53.45,   60.88,   64.20,   56.14
01/04/2013 13:50:00,   58.63,   61.17,   53.48,   61.11,   63.75,   56.62
01/04/2013 13:55:00,   60.29,   63.06,   55.98,   62.19,   65.52,   57.75
01/04/2013 14:00:00,   61.98,   64.64,   57.35,   62.68,   65.51,   58.63
01/04/2013 14:05:00,   63.34,   65.68,   59.51,   64.05,   66.63,   60.28
01/04/2013 14:10:00,   61.19,   65.60,   52.83,   62.56,   65.09,   54.87
01/04/2013 14:15:00,   60.34,   63.15,   55.21,   62.26,   64.44,   57.50
01/04/2013 14:20:00,   57.53,   60.87,   52.21,   59.60,   62.41,   53.93
01/04/2013 14:25:00,   58.00,   61.45,   52.83,   60.47,   63.50,   55.51
01/04/2013 14:30:00,   57.07,   60.75,   51.69,   60.95,   64.32,   55.28
01/04/2013 14:35:00,   58.55,   62.30,   51.81,   61.40,   64.60,   55.27
01/04/2013 14:40:00,   57.54,   61.04,   52.31,   60.63,   63.40,   55.88
01/04/2013 14:45:00,   58.18,   60.72,   53.53,   60.85,   62.86,   57.27
01/04/2013 14:50:00,   60.42,   62.99,   55.28,   62.87,   65.72,   57.35
01/04/2013 14:55:00,   59.42,   62.64,   52.67,   61.73,   64.37,   56.30
01/04/2013 15:00:00,   60.80,   63.31,   55.66,   62.28,   65.17,   58.09
01/04/2013 15:05:00,   58.11,   61.37,   53.64,   61.26,   63.42,   56.32
01/04/2013 15:10:00,   58.87,   61.55,   54.75,   60.69,   62.95,   56.69
01/04/2013 15:15:00,   59.12,   61.98,   54.59,   61.58,   64.45,   56.85
01/04/2013 15:20:00,   59.98,   63.12,   54.51,   61.62,   64.28,   56.94
01/04/2013 15:25:00,   57.56,   60.39,   53.00,   60.38,   62.91,   56.58
01/04/2013 15:30:00,   58.05,   61.53,   52.13,   60.92,   63.95,   55.04
01/04/2013 15:35:00,   62.40,   65.72,   57.68,   63.32,   65.82,   58.58
01/04/2013 15:40:00,   59.78,   65.24,   53.20,   61.35,   64.91,   55.59
01/04/2013 15:45:00,   59.03,   62.28,   53.85,   60.33,   63.30,   55.80
01/04/2013 15:50:00,   59.39,   61.88,   55.26,   61.07,   63.74,   56.36
01/04/2013 15:55:00,   58.42,   60.87,   52.99,   60.64,   62.88,   56.52
01/04/2013 16:00:00,   59.13,   62.32,   52.65,   60.89,   63.68,   55.45
01/04/2013 16:05:00,   58.99,   61.76,   54.92,   60.83,   63.52,   56.25
01/04/2013 16:10:00,   58.34,   60.92,   53.36,   60.04,   62.50,   56.05
01/04/2013 16:15:00,   59.41,   61.67,   55.35,   61.17,   63.68,   56.87
01/04/2013 16:20:00,   57.57,   60.79,   51.42,   61.56,   63.97,   56.14
01/04/2013 16:25:00,   57.55,   60.74,   51.67,   60.75,   64.17,   55.73
01/04/2013 16:30:00,   60.83,   63.66,   56.21,   62.00,   64.38,   57.82
01/04/2013 16:35:00,   58.88,   62.49,   53.80,   61.07,   63.65,   57.53
01/04/2013 16:40:00,   61.25,   64.72,   55.31,   62.03,   64.75,   57.29
01/04/2013 16:45:00,   59.40,   61.78,   55.49,   61.63,   63.92,   58.05
01/04/2013 16:50:00,   59.86,   62.18,   55.34,   61.58,   63.81,   56.79
01/04/2013 16:55:00,   57.64,   60.26,   52.96,   59.71,   61.96,   55.50
01/04/2013 17:00:00,   57.75,   60.70,   52.69,   59.95,   63.09,   54.06
01/04/2013 17:05:00,   59.89,   62.90,   55.15,   61.16,   64.21,   57.34
01/04/2013 17:10:00,   58.92,   62.07,   53.15,   60.98,   63.40,   55.95
01/04/2013 17:15:00,   59.07,   62.11,   52.89,   61.06,   63.72,   56.44
01/04/2013 17:20:00,   56.65,   60.36,   50.90,   59.92,   63.31,   54.24
01/04/2013 17:25:00,   56.90,   61.07,   50.10,   59.68,   62.80,   54.22
01/04/2013 17:30:00,   56.64,   60.41,   51.36,   59.87,   62.84,   54.89
01/04/2013 17:35:00,   57.95,   61.24,   51.83,   60.00,   63.14,   53.70
01/04/2013 17:40:00,   59.41,   62.82,   53.05,   61.17,   64.19,   55.28
01/04/2013 17:45:00,   58.42,   62.06,   51.41,   60.59,   63.29,   54.93
01/04/2013 17:50:00,   57.09,   61.27,   49.29,   59.21,   62.90,   51.95
01/04/2013 17:55:00,   56.54,   60.46,   50.41,   59.13,   62.47,   52.95
01/04/2013 18:00:00,   58.31,   61.82,   51.89,   60.89,   64.01,   54.58
01/04/2013 18:05:00,   57.70,   61.08,   51.51,   59.72,   62.93,   53.80
01/04/2013 18:10:00,   58.08,   60.85,   53.64,   60.01,   62.78,   55.26
01/04/2013 18:15:00,   56.94,   60.38,   52.33,   59.32,   62.48,   54.59
01/04/2013 18:20:00,   58.40,   61.20,   52.59,   60.87,   63.54,   55.14
01/04/2013 18:25:00,   57.12,   60.34,   52.37,   59.35,   62.14,   54.70
01/04/2013 18:30:00,   58.28,   61.42,   54.28,   60.41,   63.39,   56.20
01/04/2013 18:35:00,   57.13,   60.76,   50.61,   61.07,   64.84,   54.56
01/04/2013 18:40:00,   59.40,   64.02,   51.20,   61.26,   64.63,   54.60
01/04/2013 18:45:00,   59.82,   65.07,   50.46,   61.68,   65.28,   54.96
01/04/2013 18:50:00,   58.45,   63.89,   48.05,   60.07,   64.09,   50.73
01/04/2013 18:55:00,   56.83,   60.95,   48.68,   59.13,   62.94,   51.66
01/04/2013 19:00:00,   56.44,   60.39,   49.53,   60.29,   63.87,   53.22
01/04/2013 19:05:00,   56.45,   60.23,   50.58,   59.34,   62.45,   54.12
01/04/2013 19:10:00,   56.21,   60.25,   49.55,   59.11,   62.48,   53.12
01/04/2013 19:15:00,   56.89,   60.23,   51.68,   60.02,   63.10,   55.42
01/04/2013 19:20:00,   57.96,   61.23,   51.79,   60.57,   63.92,   54.57
01/04/2013 19:25:00,   57.67,   61.45,   49.57,   60.67,   64.63,   52.71
01/04/2013 19:30:00,   55.44,   59.54,   47.57,   59.71,   63.62,   52.09
01/04/2013 19:35:00,   56.11,   60.14,   48.24,   59.66,   62.94,   52.13
01/04/2013 19:40:00,   55.93,   60.52,   47.62,   59.04,   62.69,   51.42
01/04/2013 19:45:00,   56.39,   59.65,   50.45,   59.71,   62.39,   54.87
01/04/2013 19:50:00,   57.21,   60.75,   49.32,   60.30,   63.48,   52.92
01/04/2013 19:55:00,   55.88,   59.49,   49.38,   60.06,   64.05,   53.88
01/04/2013 20:00:00,   56.54,   60.48,   50.84,   59.57,   62.63,   54.85
01/04/2013 20:05:00,   55.82,   60.13,   49.68,   58.43,   61.83,   52.94
01/04/2013 20:10:00,   57.12,   59.86,   50.77,   60.30,   62.96,   55.20
01/04/2013 20:15:00,   56.63,   60.32,   49.81,   59.04,   61.99,   53.74
01/04/2013 20:20:00,   56.09,   60.06,   49.52,   59.30,   62.70,   53.53
01/04/2013 20:25:00,   55.63,   59.88,   49.55,   58.52,   61.96,   53.47
01/04/2013 20:30:00,   54.93,   58.85,   49.02,   57.83,   61.06,   52.51
01/04/2013 20:35:00,   56.32,   59.55,   50.75,   59.26,   61.91,   54.21
01/04/2013 20:40:00,   55.17,   58.71,   47.62,   58.30,   61.99,   52.46
01/04/2013 20:45:00,   54.63,   57.73,   48.44,   58.58,   61.42,   51.87
01/04/2013 20:50:00,   55.99,   59.48,   49.00,   59.06,   62.12,   52.12
01/04/2013 20:55:00,   54.84,   58.86,   48.83,   57.53,   60.96,   52.34
01/04/2013 21:00:00,   56.83,   60.44,   48.67,   60.14,   63.33,   53.31
01/04/2013 21:05:00,   55.74,   59.41,   48.54,   58.66,   62.02,   52.68
01/04/2013 21:10:00,   56.54,   60.28,   48.92,   60.05,   63.34,   52.12
01/04/2013 21:15:00,   53.88,   57.82,   46.64,   57.45,   61.25,   49.96
01/04/2013 21:20:00,   54.46,   58.55,   47.78,   57.85,   61.60,   51.47
01/04/2013 21:25:00,   56.44,   60.19,   47.81,   59.79,   62.99,   51.12
01/04/2013 21:30:00,   55.41,   59.51,   49.16,   58.27,   61.56,   53.20
01/04/2013 21:35:00,   54.70,   58.71,   46.85,   57.60,   60.86,   51.03
01/04/2013 21:40:00,   55.26,   60.35,   46.15,   58.61,   62.78,   50.93
01/04/2013 21:45:00,   55.46,   59.81,   47.85,   58.52,   62.27,   51.38
01/04/2013 21:50:00,   54.64,   58.91,   46.49,   57.91,   61.54,   49.84
01/04/2013 21:55:00,   55.31,   59.49,   47.38,   58.56,   62.29,   51.19
01/04/2013 22:00:00,   55.10,   59.96,   47.33,   57.85,   61.93,   51.15
01/04/2013 22:05:00,   53.45,   57.65,   45.37,   56.13,   60.45,   48.57
01/04/2013 22:10:00,   54.56,   59.03,   47.84,   58.88,   63.25,   51.66
01/04/2013 22:15:00,   55.17,   59.45,   47.19,   58.62,   62.41,   51.22
01/04/2013 22:20:00,   54.50,   58.81,   46.71,   57.37,   61.26,   49.59
01/04/2013 22:25:00,   54.28,   58.36,   46.84,   57.38,   60.76,   51.05
01/04/2013 22:30:00,   54.92,   60.23,   45.11,   57.06,   61.83,   49.08
01/04/2013 22:35:00,   54.72,   59.10,   46.37,   58.37,   62.23,   50.97
01/04/2013 22:40:00,   54.13,   58.72,   45.18,   56.68,   60.62,   48.64
01/04/2013 22:45:00,   54.05,   58.94,   44.35,   57.92,   62.09,   49.00
01/04/2013 22:50:00,   53.65,   58.71,   43.98,   55.71,   60.28,   47.21
01/04/2013 22:55:00,   53.12,   57.64,   45.17,   56.05,   60.72,   48.30
01/04/2013 23:00:00,   51.96,   57.51,   43.78,   54.75,   59.24,   47.75
01/04/2013 23:05:00,   53.64,   57.91,   45.22,   57.03,   61.86,   47.91
01/04/2013 23:10:00,   53.28,   57.53,   45.79,   56.29,   60.83,   49.24
01/04/2013 23:15:00,   53.89,   58.00,   46.66,   56.73,   60.88,   49.87
01/04/2013 23:20:00,   50.78,   55.14,   44.51,   54.42,   57.83,   48.46
01/04/2013 23:25:00,   52.01,   57.33,   43.99,   55.24,   60.39,   48.53
01/04/2013 23:30:00,   53.84,   59.04,   45.07,   56.32,   61.06,   48.20
01/04/2013 23:35:00,   53.94,   58.93,   43.58,   56.41,   60.84,   46.89
01/04/2013 23:40:00,   53.50,   58.87,   44.73,   56.76,   61.25,   48.35
01/04/2013 23:45:00,   53.50,   58.80,   44.58,   56.36,   61.21,   47.54
01/04/2013 23:50:00,   53.69,   58.57,   45.51,   56.20,   60.45,   48.65
01/04/2013 23:56:00,   53.39,   58.87,   43.68,   55.80,   60.41,   46.77

